0000000000000111100000001010000000101000000010100000001110000000000000000000000000000000000000000000
0000000000000011100000001010000000101000000011100000000010000000001000000000100000000000000000000000
0000000000000011100000000010000000001000000000100000001110000000000000000000000000000000000000000000
0000000000000011100000001010000000101000000011100000001000000000100000000010000000000000000000000000
0000000000000011100000000010000000111000000010100000001110000000000000000000000000000000000000000000
0000000000000001000000000100000000010000000001000000001110000000010000000001000000001100000000000000
0000000000000011100000001000000000100000000011100000001010000000101000000011100000000000000000000000
0000000000000010100000001010000000101000000011100000000010000000001000000000100000000010000000000000
0000000000000001000000000100000000010000000001000000000100000000000000000001000000000100000000000000
0000000000000011100000001010000000100000000010000000001000000000000000000010000000001000000000000000
0000000000000010100000001010000000011000000001100000001010000000101000000010100000000010000000000000
0000000000000001000000000100000000010000000001000000000100000000010000000001000000000100000000000000
0000000000000101010000010101000001010100000101010000011111000000000100000000000000000000000000000000
0000000000000010100000001010000000101000000010100000001110000000001000000000000000000000000000000000
0000000000000011100000001010000000101000000010100000001110000000000000000000000000000000000000000000
0000000000000000100000000010000000001000000011100000001010000000101000000011100000000000000000000000
0000000000000010000000001000000000100000000011100000001010000000101000000011100000000000000000000000
0000000000000000100000000010000000001000000011100000000010000000000000000000000000000000000000000000
0000000000000011100000001000000000111000000000100000001110000000000000000000000000000000000000000000
0000000000000001000000000100000000010000000001000000001110000000010000000001000000000100000000000000
0000000000000111100000001010000000101000000010100000001010000000000000000000000000000000000000000000
0000000000000001000000000100000000101000000010100000001010000000000000000000000000000000000000000000
0000000000000010100000001010000001010100000101010000010101000000000000000000000000000000000000000000
0000000000000010100000001010000000010000000010100000001010000000000000000000000000000000000000000000
0000000000000001100000001000000000100000000011100000001010000000101000000010100000000000000000000000
0000000000000011100000000010000000010000000010000000001110000000000000000000000000000000000000000000
0000000000000100100000010010000001001000000100100000011110000001001000000100100000001100000000000000
0000000000000011100000010010000001001000000100100000001110000001001000000100100000001110000000000000
0000000000000111000000000010000000001000000000100000000010000000001000000000100000011100000000000000
0000000000000011100000010010000001001000000100100000010010000001001000000100100000001110000000000000
0000000000000111100000000010000000001000000000100000001110000000001000000000100000011110000000000000
0000000000000000100000000010000000001000000000100000001110000000001000000000100000011110000000000000
0000000000000011000000010010000001001000000110100000000010000000001000000000100000011100000000000000
0000000000000100100000010010000001001000000100100000011110000001001000000100100000010010000000000000
0000000000000011100000000100000000010000000001000000000100000000010000000001000000001110000000000000
0000000000000011100000001010000000101000000010000000001000000000100000000010000000011100000000000000
0000000000000100100000010010000000101000000001100000000110000000101000000100100000010010000000000000
0000000000000111100000000010000000001000000000100000000010000000001000000000100000000010000000000000
0000000000001001001000100100100010101010001010101000101010100011000110001100011000100000100000000000
0000000000000100100000010010000001101000000110100000010110000001011000000100100000010010000000000000
0000000000000011000000010010000001001000000100100000010010000001001000000100100000001100000000000000
0000000000000000100000000010000000001000000000100000001110000001001000000100100000001110000000000000
0000000000000100000000001100000001001000000100100000010010000001001000000100100000001100000000000000
0000000000000100100000010010000001001000000100100000001110000001001000000100100000001110000000000000
0000000000000011100000010000000001000000000100000000011110000000001000000000100000011100000000000000
0000000000000001000000000100000000010000000001000000000100000000010000000001000000011111000000000000
0000000000000011000000010010000001001000000100100000010010000001001000000100100000010010000000000000
0000000000000001000000000100000000101000000010100000001010000001000100000100010000010001000000000000
0000000000001000001000110001100011000110001010101000101010100010101010001001001000100100100000000000
0000000000000100010000010001000000101000000001000000000100000000101000000100010000010001000000000000
0000000000000111100000010000000001000000000100000000011110000001001000000100100000010010000000000000
0000000000000111100000000010000000001000000001000000001000000001000000000100000000011110000000000000
0000000000000011000000010010000001001000000100100000010010000001001000000100100000001100000000000000
0000000000000011100000000100000000010000000001000000000100000000010000000001100000000100000000000000
0000000000000111100000000010000000010000000010000000010000000001000000000100100000001100000000000000
0000000000000011100000010000000001000000000010000000000100000000100000000100000000011110000000000000
0000000000000100000000010000000001000000000100000000011110000001001000000100100000010010000000000000
0000000000000011100000010000000001000000000100000000001110000000001000000000100000011110000000000000
0000000000000011000000010010000001001000000100100000001110000000001000000000100000011100000000000000
0000000000000001000000000100000000010000000001000000001000000001000000000100000000011110000000000000
0000000000000011000000010010000001001000000100100000001100000001001000000100100000001100000000000000
0000000000000011100000010000000001000000000111000000010010000001001000000100100000001100000000000000
0000000000000000001000000000000000000000000000000000000000000000000000000000000000000000000000000000
0000000000000000001000000000000000000010000000001000000000100000000010000000001000000000100000000000
0000000000000000010000000000000000000100000000010000000010000000010000000001000000000011100000000000
0000000000000000000000000000000000000000000000000000000000000000000000000000100000000010000000000000
0000000000000000001000000001000000000100000000000000000000000000000000000000000000000000000000000000
0000000000000000000000000000000000000000000011100000000000000000000000000000000000000000000000000000
0000000000000000000000000000000000010000000011100000000100000000000000000000000000000000000000000000
0000000000000001000000001110000001111100001111111000000000000000000000000000000000000000000000000000
0000000000000000000000000000000000000000000000000000000000000000000000000000000000000000000000000000
